18444148
26219234
26971676
12494476
28817364
16512941
14504196
14652294
24053657
27586025
27975054
28884432
25908534
27823799
27742691
17392149
20566993
27628763
27351919
12069674
18086766
28084175
26353947
18268110
19093214
19235037
23213538
23881471
23531743
23441100
21627376
27734240
17507622
17585037
18211697
19436298
20858760
25254003
25904191
26226289
21447478
22994730
10620635
16843010
17623560
20232354
20799287
26002406
26265246
15668508
18725512
19585501
24946744
23929133
10750600
15208621
19645029
23401030
11065013
25971353
25527755
25084297
23613715
17337648
17315319
16492907
16374234
16357191
14750181
12869409
10698486
27879495
27490808
27221879
24553693
22822096
22207320
19755655
10964002
11008904
11065004
11566656
11068306
11696701
11880478
12394248
12419792
12814997
12869398
14977640
15006912
15514967
16890703
17006725
27769264
12210490
10861465
10755415
15588306
10750674
9087923
16492906
10977105
25132681
18483352
18506189
18542076
18546266
18704722
18722650
18949566
19064517
15225833
15375086
15380796
15386436
15491708
15577293
15577296
15666390
17119043
17202115
17176217
17209198
19276452
17278090
17505071
17211860
22697604
22706676
22710746
22850555
22864870
22879205
22927849
20843123
20959354
21161822
21310299
21332815
21389041
21586702
21598177
19235036
19277881
19107943
19359375
19521962
19579052
19598210
19706848
19816779
20007303
20082736
20157773
20228997
20309846
20693267
20813803
14693729
14712493
14970730
15010890
15016323
15128610
15213050
15280622
11142419
11484949
11505174
12394690
12785421
12869397
14504197
14618627
16829554
16912087
16965236
17023722
17061756
17095075
17106437
17119041
22936456
23024014
23109170
23118893
23129590
25530021
25824539
25858172
26118562
26243447
27033442
27664387
27741552
27924710
27927252
28103838
28795218
29139043
28879368
28765617
10815699
10952096
11489751
11238530
12873996
14712152
14871857
28032720
27400803
26819265
17301263
17403269
17440938
17450441
17548698
17571964
17823432
17851770
15687393
15897985
15947879
16351504
16435998
16554345
16615108
16804523
21887707
21915616
22173996
22260413
22315364
22351729
22402288
22539558
23843441
23860522
23962747
24083722
24156935
24512928
23169298
23193007
23271409
23335051
23508823
23532004
24515125
24526287
24655933
24862312
25011577
25139338
25277695
25492530
25535729
25884961
26108732
26278366
26305219
26385727
26518197
26561618
26677208
26927237
27535659
23567655
23656798
23674088
23681472
23702886
28332895
28910820
28417981
29324670
28417982
28600375
28718711
21553078
21103922
19690187
19043228
18478158
18199713
17634273
17487838
28830873
28929838
29181335
25256860
17925283
17943452
18006910
18159981
18247399
18272473
18400723
18459104